1,015206038340807610060005402009000004073904001000000309020009140490000020036001087,915246738342897615867315492159683274273954861684172359728569143491738526536421987
2,080650240602043000094107085846015900970086400210904007007060508000008006060391024,781659243652843179394127685846715932973286451215934867137462598429578316568391724
3,000002070190007003020906800073000096000370528209564100004000012700840065065020300,458132679196487253327956841573218496641379528289564137834695712712843965965721384
4,501372608078046000024100300207890060406057100905001082060700915100038027742500036,591372648378946251624185379217893564486257193935461782863724915159638427742519836
5,070000040800050602060040900002490078700020590050867124590670283026983700380512069,179236845834759612265148937612495378748321596953867124591674283426983751387512469
6,973025068000370420520106037000610090002900576006000814007803009000562700465701382,973425168681379425524186937758614293142938576396257814217843659839562741465791382
7,300020010070000009600000004800400005040000080005780040001598762500300100790210450,354829617172645839689137524813462975247951386965783241431598762526374198798216453
8,001040300006020000000000045000004590010009080659007431473000029060000150120938074,791845362546723918832196745287314596314569287659287431473651829968472153125938674
9,004000709000104862629075010203647501001539240945010030096700025100900300072051080,814326759537194862629875413283647591761539248945218637496783125158962374372451986
10,008700000003140980920680140162370050000020000080060000071009068009450271206810590,418795632653142987927683145162374859394528716785961324571239468839456271246817593
11,400000000010075004700904000000000000000026079002001046125809307830207915097103428,459612783218375694763984251546798132381426579972531846125849367834267915697153428
12,000065400000100300000200091032000046009007002876021035564310079083796150091542003,318965427925174368647283591132859746459637812876421935564318279283796154791542683
13,013540007024910600897200000301709508280000000750380029030600005008195730070030000,613548297524917683897263154341729568289456371756381429932674815468195732175832946
14,137000089240095067609087142705900030094076000010004000402753900970461250561800400,137642589248195367659387142725918634394576821816234795482753916973461258561829473
15,080000004620000709495073106560097201100042060030010490350904610000060903906108502,781659324623481759495273186564897231179342865832516497357924618218765943946138572
16,000005376000006290000203140209804701500920060000501932000048509004010680080700003,428195376135476298796283145269834751513927864847561932372648519954312687681759423
17,708040060500681043401003020080000302009000005000060417007900230315028900900000850,738542169592681743461793528684175392179234685253869417847956231315428976926317854
18,000043017000065000037000456705006020000090000004000605000081560018302009950000201,569243817841765932237819456795436128126598374384127695472981563618352749953674281
19,000000000050029000007000001000000040000001278749258316681347592903516784475982163,368175429154629837297834651812763945536491278749258316681347592923516784475982163
20,580004306002008075004000001700020008016050042405891000640000809108009527259180634,581274396962318475374965281793426158816753942425891763647532819138649527259187634
21,940730208007010493386902701460003970030279006009504030650400027000620004004350009,941735268527816493386942751462183975135279846879564132658491327793628514214357689
22,809012600105760209006083010050109000097805020401376090000007000003050000000030000,879512634135764289246983517358129746697845123421376895584297361913658472762431958
23,750320060010904050090850302800230041204090800130000500920013684680042190041600230,758321469312964758496857312875236941264195873139478526927513684683742195541689237
24,000780003380056000006342058697031425001004060035260819203000980568903004700428000,152789643384156792976342158697831425821594367435267819243675981568913274719428536
25,000640815480570200000100009049268003023001000006705900154907308060050091900316002,297643815481579236635182479749268153523491687816735924154927368362854791978316542
26,005107208017608500090003070781904305000000009039000640052019700960872001004050902,345197268217648593698523174781964325426735819539281647852419736963872451174356982
27,000003090003100002000009030000950070004000020007800054048302069502096008060548207,186273495493165782275489136821954673954637821637821954748312569512796348369548217
28,000500009000080030003907600080020000100005720295178460029840006004703291500260870,678532149912684537453917682387426915146395728295178463729841356864753291531269874
29,000030000800000537375009612004060291100300060000071000000958106001700900097106840,216537489849612537375489612734865291152394768968271354423958176681743925597126843
30,510000000397000000200437901060200107070308695935010080003052718059004263020673549,514829376397561824286437951468295137172348695935716482643952718759184263821673549
31,017080296000200400000007050493006012000000683008002974006703821001000769709601305,317485296865219437924367158493876512172954683658132974546793821231548769789621345
32,060000700000210960009050340040069200621435807058002400006580170503701024000326080,862943715435217968179658342347869251621435897958172436296584173583791624714326589
33,070040600650098473400000201040050008000000902007004305580700196019000800700010020,372541689651298473498376251143952768865137942927684315584723196219465837736819524
34,126485793307021005904007281000360578863050000009018004000000100600070800000006307,126485793387921465954637281412369578863754912579218634745893126631572849298146357
35,005010300017000925200006010184305700000001002950640008000002000400000280529000003,845219367617834925293576814184325796376981542952647138738492651461753289529168473
36,000002000000000000000000000000000000000056924659070803571423098260598371938167450,745632189382719546196845237423981765817356924659274813571423698264598371938167452
37,000000900810309000700614302200946050046000000500031024107400030000063000953108206,634287915812359467795614382271946853346825179589731624167492538428563791953178246
38,300059010029000007040000309517000290602000034493000180000501040030806570951700008,376459812129638457845172369517384296682915734493267185768521943234896571951743628
39,002003000906000182508000046001300057050200000003000010000930400380746001060800035,142683579936457182578192346891364257754218693623579814217935468385746921469821735
40,600491020814027005729000000000972040407030082230060179301258000500010230000000050,653491728814627395729583416186972543497135682235864179341258967568719234972346851
41,000900003000000000000000710000000000000000586649053172921375468765428900038619207,514987623297136845386542719852761394173294586649853172921375468765428931438619257
42,258047901740260000090500004020050040005000032309006005030072458074030010080014390,258347961741269583693581724827153649465798132319426875136972458974835216582614397
43,000070530090621408008053600280307000300006020067002903000800000004010006050004090,612478539593621478478953612289347165345196827167582943731869254924715386856234791
44,001730004003005690290000000002596001609200407538000260057940080120078945980600070,861739524473125698295864713742596831619283457538417269357942186126378945984651372
45,800000903302000040409008012040850096070000020095467130936584200501009300700013009,817246953362195847459378612143852796678931425295467138936584271581729364724613589
46,082007090940021830501090072100005943000489000000100020860932705290010380713804000,682347591947521836531698472178265943326489157459173628864932715295716384713854269
47,007802003106003809840000702000000300500908007000070084400050930690080240080000001,957812463126743859843569712718425396564938127239176584472651938691387245385294671
48,000000000000020016100000030000000209000705001015002067952006004800049605607518923,524631798783924516169857432476183259298765341315492867952376184831249675647518923
49,961087420483029065705030980000390050132705094050000000010200340004908610296413500,961587423483129765725634981847391256132765894659842137518276349374958612296413578
50,070802054524036809608740200036000098400900310000000025000470900000369002000000000,371892654524136879698745231136254798452987316789613425265471983817369542943528167
51,010098000605420100872031495700100600360000000500003208200000900000000800054780002,413598726695427183872631495728145639369872514541963278287356941936214857154789362
52,760800009052640010081790600006000005500000000890004260210009076005062904000570132,763821459952643718481795623126987345534216897897354261218439576375162984649578132
53,000000210017529000008360704041006082302004567000083040020130956160402873809670421,693847215417529638258361794941756382382914567576283149724138956165492873839675421
54,005009000006403900700658240000020009800000067951000000060132090310500000092780150,145279638286413975739658241674825319823941567951367482567132894318594726492786153
55,000000325006010040480000009930102570000987000008500290000490013300051004041070000,179648325256319847483725169934162578512987436768534291825496713397251684641873952
56,001000020002009300000723000003058004005000283780204009060891702218375496000640831,431586927872419365659723148123958674945167283786234519364891752218375496597642831
57,700020400006704285034005700160573800427900053080400900640259000893610542502340000,758126439916734285234895761169573824427981653385462917641259378893617542572348196
58,006080320008050069950026178200095600310000257600372940762800010890500002034010006,476981325128753469953426178247195683319648257685372941762839514891564732534217896
59,391000740600000800007305020006100350002003480050000160100700204004000590038000001,391286745625974813487315926846197352712563489953842167169758234274631598538429671
60,800023769209007038075960010007089050006075304950634800500706143790002085000051920,814523769269417538375968412437189256186275394952634871528796143791342685643851927
61,218049300000275900059031400394100000000004009500300040000080615000910820030062794,218649357643275981759831462394128576186754239572396148927483615465917823831562794
62,000000000000000006000003000000300000002901764871654329210479683607532491934168257,748216935123795846569843172496327518352981764871654329215479683687532491934168257
63,000023000375000000009670001580067094030004170004030205003402060050010003000000502,416823759375149628829675431581267394932584176764931285193452867258716943647398512
64,000000050000190000800467000000002064002008503930000017100006032209341085500029000,417283659326195478895467321751932864642718593938654217184576932269341785573829146
65,000785900280009700907120800420067050000400270060250418102030690090670134300014082,614785923285349761937126845421867359853491276769253418142538697598672134376914582
66,450030000310759208297406351041003570032975014005014003004500130003040900100000085,458231796316759248297486351841623579632975814975814623764598132583142967129367485
67,700002013800090000300540620000004060100650072000720000400910000900075840060408001,754862913826391457319547628273184569148659372695723184487916235931275846562438791
68,089740020030081009006029030300004000700008000600315297260057980007000603954830700,189743526532681479476529138391274865725968341648315297263157984817492653954836712
69,910040503200070000435060200794000832851000000320490750000001376009006020680720900,917842563268573149435169287794615832851237694326498751542981376179356428683724915
70,000005800875402019009000007452103900100906000900040100000010500090804720010000000,621795843875432619349681257452173986138926475967548132286317594593864721714259368
71,000000000000000002000000000000000000000009001019046027740265098598410263621930570,485172936976853412132694785364721859257389641819546327743265198598417263621938574
72,000000050750304009000050034000800903003070080509040100870490315905701628316500090,634982751758314269291657834127865943463179582589243176872496315945731628316528497
73,841600050906800100027951806000000000009000000003790000008060731100200008065008090,841623957956847123327951846412385679679412385583796412298564731134279568765138294
74,005100000247900000109050008004005080708009540000000310670204095080097260502861734,835142679247986153169753428314675982728319546956428317671234895483597261592861734
75,210000000309080040005070001841000000003500008590803160007000000100402709004098002,216934875379185246485276931841627593763519428592843167927351684138462759654798312
76,580003060400006005000000010041600580308014007600008040000000702100407830700002100,587143269412986375963725418241679583398514627675238941854361792129457836736892154
77,070002600000060001000001000700000059030000000512000764156304090843010506207658003,971432685428765931365981247784126359639547128512893764156374892843219576297658413
78,090002058620345000070009200000901003000800725086253000007036482800507319201098506,493712658628345197175689234542971863319864725786253941957136482864527319231498576
79,012850300600020804004693001130200749009310002200049000096001027080930000501070900,912854376653127894874693251138265749749318562265749138396581427487932615521476983
80,000000000000000000000000000000000000000006781968721035370568940259437618046019573,685174329493682157712953864137845296524396781968721435371568942259437618846219573
81,203090087051627039040000006008060054004912070097000000080004790000086243010300800,263491587851627439749835126128763954534912678697548312386254791975186243412379865
82,006400100800050400495016208710300002654800000329107840007631524040070003003904700,276483159831259476495716238718345962654892317329167845987631524142578693563924781
83,901030040000000230240900571030000005400001987680009314700840050000197460014050708,971235846865714239243986571139478625452361987687529314796843152528197463314652798
84,001080000028013940000092008756041029180630000493070600009024765005000402060057803,931486257528713946647592138756841329182639574493275681819324765375968412264157893
85,007000400864100200520008007038260071700390820001047306940083160180600000000010048,317526489864179235529438617438265971756391824291847356945783162182654793673912548
86,078405009649000020030000004800000230000358000356200900080000693490806702763092048,178425369649783521532619874814967235927358416356241987285174693491836752763592148
87,000600890620908007840000063002384000100097000000016080030451029496000750201069030,517632894623948517849175263962384175185297346374516982738451629496823751251769438
88,000004085000000000004070023418000267320010000000000138000080406800761352060005819,691324785273658941584179623418593267326817594957246138135982476849761352762435819
89,009000003040120670700000020030009058070500030950007160000002007000801300480793006,129675483543128679768934521631249758874516932952387164316452897297861345485793216
90,000090423400000609000435001004003005013906870069080002000001598000502030300870000,185697423437128659692435781874213965213956874569784312726341598948562137351879246
91,170000029690042081280109574061907432000200760007000190942070010008000250050000040,174358629695742381283169574561987432439215768827436195942573816718694253356821947
92,004891000900600348800020195009062000002900061100540020205080007040705002090200080,354891276921657348867324195489162753532978461176543829215489637648735912793216584
93,000200003060310000085970106721040368453802007096007205900705600600090572574603000,149256783267318459385974126721549368453862917896137245912785634638491572574623891
94,031004000870120400004007201026090840000630020305000006480510960000060050003470082,231954678879126435564387291126795843748631529395842716482513967917268354653479182
95,004009012250003870037128005000502007005904280072810090009360008510287030823400750,684759312251643879937128465198532647365974281472816593749365128516287934823491756
96,000014007000702685002000403081230000300100008609000070198000700540001830236578049,865314927413792685972856413781239564354167298629485371198643752547921836236578149
97,006902800908760031030841006812094703679308520350206000201050300083607000090080040,146932857928765431537841296812594763679318524354276189261459378483627915795183642
98,000006000907041000006000000670820394008000000090400062314000006069052438002004179,125786943937241685486593721671825394248639517593417862314978256769152438852364179
99,064000109012059000350610408405103900020748000100925764500000276007090003240070891,764382159812459637359617428475163982926748315138925764591834276687291543243576891
100,047003210081062050000510900090721000015000064070004129150086072060049580034275001,547893216981462357623517948496721835215938764378654129159386472762149583834275691
